1
Just [1]
2
Nothing
3
Nothing
4
Nothing
5
Nothing
6
Nothing
7
Nothing
8
Nothing
9
Nothing
10
Nothing
11
Nothing
12
Nothing
13
Nothing
14
Nothing
15
Just [8,1,15,10,6,3,13,12,4,5,11,14,2,7,9]
16
Just [8,1,15,10,6,3,13,12,4,5,11,14,2,7,9,16]
17
Just [16,9,7,2,14,11,5,4,12,13,3,6,10,15,1,8,17]
18
Nothing
19
Nothing
20
Nothing
21
Nothing
22
Nothing
23
Just [2,23,13,12,4,21,15,10,6,19,17,8,1,3,22,14,11,5,20,16,9,7,18]
24
Nothing
25
Just [2,23,13,12,24,25,11,14,22,3,1,8,17,19,6,10,15,21,4,5,20,16,9,7,18]
26
Just [2,14,22,3,13,23,26,10,6,19,17,8,1,15,21,4,12,24,25,11,5,20,16,9,7,18]
27
Just [1,8,17,19,6,3,13,12,24,25,11,14,22,27,9,16,20,5,4,21,15,10,26,23,2,7,18]
28
Just
[1,15,10,26,23,13,3,6,19,17,8,28,21,4,12,24,25,11,5,20,16,9,27,22,14,2,7,18]
29
Just
[1,24,25,11,5,4,12,13,3,6,19,17,8,28,21,15,10,26,23,2,14,22,27,9,16,20,29,7,18]
30
Just
[1,24,25,11,5,4,12,13,3,6,30,19,17,8,28,21,15,10,26,23,2,14,22,27,9,16,20,29,7,18]
31
Just
[1,15,10,6,30,19,17,8,28,21,4,5,31,18,7,29,20,16,9,27,22,3,13,12,24,25,11,14,2,23,26]
32
Just
[1,8,28,21,4,32,17,19,30,6,3,13,12,24,25,11,5,31,18,7,29,20,16,9,27,22,14,2,23,26,10,15]
33
Just
[1,8,28,21,4,32,17,19,30,6,3,13,12,24,25,11,5,20,29,7,18,31,33,16,9,27,22,14,2,23,26,10,15]
34
Just
[1,3,6,19,30,34,2,7,18,31,33,16,9,27,22,14,11,25,24,12,13,23,26,10,15,21,28,8,17,32,4,5,20,29]
35
Just
[1,3,6,19,30,34,2,7,18,31,33,16,9,27,22,14,11,25,24,12,13,23,26,10,15,21,28,8,17,32,4,5,20,29,35]
36
Just
[1,3,6,10,26,23,2,7,18,31,33,16,9,27,22,14,35,29,20,5,11,25,24,12,13,36,28,8,17,19,30,34,15,21,4,32]
37
Just
[1,3,13,36,28,8,17,32,4,21,15,34,30,19,6,10,26,23,2,7,18,31,33,16,9,27,22,14,35,29,20,5,11,25,24,12,37]
38
Just
[1,3,6,19,30,34,2,23,13,36,28,8,17,32,4,21,15,10,26,38,11,25,24,12,37,27,22,14,35,29,20,5,31,18,7,9,16,33]
39
Just
[1,3,6,19,30,34,2,7,18,31,33,16,9,27,22,14,35,29,20,5,11,38,26,23,13,36,28,8,17,32,4,21,15,10,39,25,24,12,37]
40
Just
[1,3,6,10,39,25,24,40,9,16,33,31,18,7,2,23,26,38,11,5,20,29,35,14,22,27,37,12,13,36,28,8,17,19,30,34,15,21,4,32]
41
Just
[1,3,6,10,15,21,4,32,17,19,30,34,2,7,18,31,33,16,9,40,41,8,28,36,13,23,26,38,11,5,20,29,35,14,22,27,37,12,24,25,39]
42
Just
[1,3,6,10,15,21,4,5,11,38,26,23,13,36,28,8,41,40,9,27,37,12,24,25,39,42,22,14,35,29,20,16,33,31,18,7,2,34,30,19,17,32]
43
Just
[1,3,6,10,15,21,43,38,11,5,4,32,17,19,30,34,2,7,18,31,33,16,20,29,35,14,22,42,39,25,24,12,37,27,9,40,41,8,28,36,13,23,26]
44
Just
[1,3,6,10,15,21,4,32,17,19,30,34,2,7,18,31,33,16,9,27,22,42,39,25,11,14,35,29,20,5,44,37,12,24,40,41,8,28,36,13,23,26,38,43]
45
Just
[1,3,6,10,15,21,28,8,17,32,4,5,11,14,35,29,20,44,37,12,13,36,45,19,30,34,2,7,18,31,33,16,9,27,22,42,39,25,24,40,41,23,26,38,43]
46
Just
[1,3,6,10,15,21,28,8,17,32,4,5,11,14,2,34,30,19,45,36,13,12,24,25,39,42,22,27,37,44,20,16,33,31,18,46,35,29,7,9,40,41,23,26,38,43]
47
Just
[1,3,6,10,15,21,4,32,17,47,2,34,30,19,45,36,28,8,41,40,9,7,29,20,16,33,31,18,46,35,14,11,5,44,37,27,22,42,39,25,24,12,13,23,26,38,43]
48
Just
[1,3,6,10,15,21,4,32,17,47,2,34,30,19,45,36,28,8,41,40,9,7,29,20,16,48,33,31,18,46,35,14,11,5,44,37,27,22,42,39,25,24,12,13,23,26,38,43]
49
Just
[1,3,6,10,15,21,43,38,26,23,2,7,18,46,35,29,20,44,37,27,9,16,48,33,31,5,11,14,22,42,39,25,24,40,41,8,28,36,13,12,4,45,19,30,34,47,17,32,49]
50
Just
[1,3,6,10,15,21,43,38,26,23,2,7,18,46,35,29,20,44,37,12,13,36,28,8,41,40,24,25,39,42,22,27,9,16,48,33,31,50,14,11,5,4,45,19,30,34,47,17,32,49]
51
Just
[1,3,6,10,15,21,4,5,11,14,50,31,33,48,16,9,27,22,42,39,25,24,40,41,8,28,36,45,19,17,32,49,51,30,34,47,2,7,18,46,35,29,20,44,37,12,13,23,26,38,43]
52
Just
[1,3,6,10,15,21,4,5,11,14,50,31,18,46,35,29,7,9,40,24,25,39,42,22,27,37,44,20,16,33,48,52,12,13,51,49,32,17,47,2,34,30,19,45,36,28,8,41,23,26,38,43]
53
Just
[1,3,6,10,15,21,4,5,11,14,50,31,18,46,35,29,7,9,40,24,25,39,42,22,27,37,44,20,16,33,48,52,12,13,36,45,19,17,32,49,51,30,34,2,47,53,28,8,41,23,26,38,43]
54
Just
[1,3,6,10,15,21,4,5,11,14,50,31,18,7,9,16,33,48,52,12,37,44,20,29,35,46,54,27,22,42,39,25,24,40,41,8,28,53,47,2,34,30,51,49,32,17,19,45,36,13,23,26,38,43]
55
Just
[1,3,6,10,15,21,4,5,11,14,50,31,18,7,2,23,13,36,45,19,17,32,49,51,30,34,47,53,28,8,41,40,24,25,39,42,22,27,54,46,35,29,20,44,37,12,52,48,33,16,9,55,26,38,43]
56
Just
[1,3,6,10,15,21,4,5,11,14,50,31,18,7,2,34,30,19,45,36,28,53,47,17,32,49,51,13,23,41,8,56,25,39,42,22,27,54,46,35,29,52,48,33,16,20,44,37,12,24,40,9,55,26,38,43]
57
Just
[1,3,6,10,15,21,4,5,11,14,2,23,13,36,28,53,47,34,30,51,49,32,17,19,45,55,26,38,43,57,24,12,37,44,20,16,33,48,52,29,35,46,54,27,22,42,39,25,56,8,41,40,9,7,18,31,50]
58
Just
[1,3,6,10,15,21,4,5,11,14,22,27,54,46,35,29,20,16,33,48,52,12,37,44,56,8,17,32,49,51,13,36,28,53,47,2,34,30,19,45,55,26,38,43,57,24,25,39,42,58,23,41,40,9,7,18,31,50]
59
Just
[1,3,6,10,15,21,4,5,11,14,2,23,58,42,39,25,24,57,43,38,26,55,45,19,30,34,47,53,28,36,13,51,49,32,17,8,56,44,37,12,52,48,33,16,20,29,35,46,54,27,22,59,41,40,9,7,18,31,50]
60
Just
[1,3,6,10,15,21,4,5,11,14,50,31,18,7,2,34,30,19,45,36,13,51,49,32,17,47,53,28,8,56,25,39,42,58,23,41,59,22,27,54,46,35,29,20,44,37,12,52,48,33,16,9,55,26,38,43,57,24,40,60]
61
Just [1,3,6,10,15,21,4,5,11,14,2,23,58,42,22,59,41,8,17,32,49,51,13,36,28,53,47,34,30,19,45,55,26,38,43,57,24,12,37,27,54,46,35,29,52,48,33,16,20,44,56,25,39,61,60,40,9,7,18,31,50]
62
1 3 6 10 15 21 4 5 11 14 2 34 30 19 45 36 13 51 49 32 17 47 53 28 8 41 40 60 61
20 16 33 48 52 29 35 46 54 27 22 59 62 38 43 57 24 12 37 44 56 25 39 42 58 23 26
55 9 7 18 31 50
63
1 3 6 10 15 21 4 5 11 14 2 7 9 16 33 48 52 12 13 23 58 42 22 59 62 19 17 32 49 51 30 34 47 53 28 36 45 55 26 38 43 57 24 25 39 61 60 40 41 8 56 44 20 29 35 46 54 27 37 63 18 31 50
64
1 3 6 10 15 21 4 5 11 14 2 7 9 16 33 48 52 12 13 36 28 53 47 34 30 51 49 32 17 64 57 43 38 26 55 45 19 62 59 22 27 54 46 35 29 20 61 60 40 24 25 39 42 58 23 41 8 56 44 37 63 18 31 50
65
1 3 6 10 15 21 4 5 11 14 2 7 9 16 20 29 35 65 56 44 37 27 54 46 18 63 58 42 22 59 62 38 43 57 64 36 13 23 26 55 45 19 17 32 49 51 30 34 47 53 28 8 41 40 60 61 39 25 24 12 52 48 33 31 50
66
Just [1,3,6,10,15,21,4,5,11,14,2,7,9,16,20,29,35,65,56,44,37,27,54,46,18,63,58,42,22,59,62,19,30,34,66,55,45,36,64,57,43,38,26,23,13,51,49,32,17,47,53,28,8,41,40,60,61,39,25,24,12,52,48,33,31,50]
67
Just [1,3,6,10,15,21,4,5,11,14,2,7,9,16,48,33,67,54,27,22,42,39,25,24,40,60,61,20,29,52,12,13,36,45,19,30,51,49,32,17,64,57,43,38,62,59,41,8,28,53,47,34,66,55,26,23,58,63,37,44,56,65,35,46,18,31,50]
68
1 3 6 10 15 21 4 5 11 14 2 7 9 16 48 33 67 54 27 22 42 39 25 24 12 52 29 20 61 60 40 41 59 62 19 30 51 49 32 68 13 36 45 55 66 34 47 53 28 8 17 64 57 43 38 26 23 58 63 37 44 56 65 35 46 18 31 50
69
1 3 6 10 15 21 4 5 11 14 2 7 9 16 20 29 52 48 33 67 54 27 37 44 56 65 35 46 18 63 58 42 22 59 62 19 30 51 49 32 17 47 34 66 55 45 36 64 57 43 38 26 23 13 68 53 28 8 41 40 60 61 39 25 24 12 69 31 50
70
1 3 6 10 15 21 4 5 11 14 2 7 9 16 20 29 52 48 33 67 54 27 37 44 56 65 35 46 18 63 58 42 22 59 62 19 30 70 51 49 32 17 47 34 66 55 45 36 64 57 43 38 26 23 13 68 53 28 8 41 40 60 61 39 25 24 12 69 31 50
71
1 3 6 10 15 21 4 5 11 14 2 7 9 16 20 29 52 48 33 67 54 27 37 44 56 65 35 46 18 63 58 42 22 59 62 19 30 70 51 49 32 17 47 34 66 55 45 36 64 57 43 38 26 23 13 68 53 28 8 41 40 60 61 39 25 24 12 69 31 50 71
72
1 3 6 10 15 21 4 5 11 14 2 7 9 16 20 29 52 48 33 67 54 27 37 44 56 65 35 46 18 63 58 42 22 59 62 19 30 70 51 13 36 45 55 66 34 47 53 68 32 49 72 28 8 17 64 57 43 38 26 23 41 40 60 61 39 25 24 12 69 31 50 71
73
1 3 6 10 15 21 4 5 11 14 2 7 9 16 20 29 35 46 18 31 50 71 73 8 17 32 68 13 23 26 38 43 57 64 36 45 55 66 34 47 53 28 72 49 51 70 30 19 62 59 41 40 60 61 39 25 24 12 69 52 48 33 67 54 27 22 42 58 63 37 44 56 65

80
1 3 6 10 15 21 4 5 11 14 2 7 9 16 20 29 35 46 18 31 33 48 52 12 69 75 25 24 40 60 61 39 42 79 65 56 8 17 19 30 34 47 53 28 72 49 32 68 76 45 36 13 51 70 74 26 55 66 78 22 59 62 38 43 57 64 80 41 23 58 63 37 44 77 67 54 27 73 71 50
81
1 3 6 10 15 21 4 5 11 14 2 7 9 16 20 29 35 46 18 31 33 48 52 12 69 75 25 24 40 60 61 39 42 79 65 56 44 37 27 54 67 77 23 58 63 81 19 17 32 49 72 28 36 13 51 30 70 74 26 55 45 76 68 53 47 34 66 78 22 59 62 38 43 57 64 80 41 8 73 71 50

